10
340 364
353 226
472 239
68 327
66 193
79 440
46 65
144 338
418 183
411 328
30
452 393
163 423
137 27
335 446
253 345
97 214
285 216
79 425
495 28
31 254
345 1
256 37
169 404
144 165
432 493
242 447
101 245
65 61
236 352
183 469
111 370
38 114
183 303
10 200
332 245
405 280
219 313
167 340
165 194
135 405
50
282 292
189 136
236 356
293 409
313 363
418 356
138 270
161 342
346 222
494 56
416 356
427 443
53 176
271 146
275 122
491 277
127 282
276 295
30 491
138 374
35 420
426 214
86 16
265 278
87 417
120 6
418 397
293 267
167 88
4 187
406 133
124 120
85 149
312 309
159 177
160 266
0 455
482 433
473 150
24 480
454 272
4 129
83 292
49 425
406 192
439 391
192 464
295 212
68 336
195 394
100
79 66
77 316
424 282
284 421
18 96
393 314
145 357
260 440
385 38
37 129
214 226
357 404
265 34
215 240
416 254
214 387
148 386
300 62
331 416
406 434
479 238
430 363
443 23
34 189
466 96
140 27
331 441
73 425
129 2
375 166
337 231
478 284
301 425
434 455
230 110
280 481
495 148
54 106
309 199
325 38
397 365
224 448
279 27
237 132
62 394
73 33
101 438
451 394
67 445
101 478
181 380
244 399
51 85
27 464
52 438
423 270
293 335
417 206
213 123
189 463
274 404
27 314
428 473
477 201
207 114
454 388
313 328
472 258
72 470
264 149
396 233
415 279
194 218
455 270
35 275
106 350
160 344
433 86
165 149
450 218
432 295
382 492
367 340
387 478
351 235
360 402
485 282
280 257
158 427
315 232
176 74
87 90
467 235
487 237
115 419
328 156
289 38
269 397
259 359
74 145
200
359 22
92 452
368 256
323 101
9 401
466 334
273 126
458 402
420 248
150 480
189 184
367 374
376 24
488 262
492 265
210 2
485 472
343 151
46 255
476 478
299 190
143 499
46 318
299 413
184 338
180 359
167 132
104 75
67 368
55 440
369 57
480 434
198 62
332 358
118 455
316 38
133 170
216 488
273 484
119 453
410 259
58 422
7 135
19 388
254 424
286 415
289 141
298 24
262 153
422 129
498 336
111 289
467 77
69 169
86 75
137 25
488 169
385 116
473 413
65 140
493 387
471 476
237 429
392 419
94 116
462 12
139 223
27 180
370 396
79 361
257 225
119 230
498 360
61 194
353 209
381 54
466 326
477 127
18 494
292 286
334 405
96 148
267 274
254 470
471 44
252 356
414 418
348 385
36 120
153 103
132 477
297 17
476 26
118 477
95 196
187 491
382 348
245 42
465 35
7 157
365 420
228 319
242 225
431 442
279 427
425 497
353 230
409 378
181 175
181 174
154 379
54 487
260 80
37 285
488 4
388 72
317 410
221 87
498 105
338 381
104 476
258 284
391 270
183 372
259 174
424 99
370 236
318 391
496 320
5 88
90 293
369 74
181 410
250 284
122 69
323 204
15 92
223 142
473 103
464 186
101 471
109 468
173 203
429 284
318 39
169 268
365 286
286 397
431 49
40 206
251 49
437 18
168 268
15 237
400 404
316 218
499 323
400 215
155 34
291 153
270 466
74 289
32 337
147 291
482 2
239 178
69 467
51 324
456 400
468 163
384 308
386 307
456 302
426 309
256 288
113 252
22 53
132 292
434 89
383 491
9 375
424 398
17 162
279 167
155 412
48 64
321 8
222 19
303 181
275 219
81 50
475 336
493 289
145 230
473 384
104 200
408 375
415 235
191 212
99 247
300
35 378
451 17
353 268
45 57
270 8
304 178
363 376
58 404
9 414
231 427
19 485
339 392
353 316
242 457
371 205
442 300
158 301
430 385
44 121
377 59
395 455
105 33
221 496
86 213
313 129
388 46
7 261
485 393
440 91
144 494
410 284
346 57
387 106
56 439
418 288
403 452
1 376
351 242
321 149
196 191
462 162
96 482
336 441
103 238
409 66
18 97
38 476
443 82
1 174
223 406
456 276
408 226
447 398
205 100
171 336
463 203
310 15
149 414
464 489
396 322
181 360
256 396
25 344
10 196
498 385
351 59
402 471
168 104
379 211
86 109
215 298
47 209
307 462
485 196
421 330
491 186
104 236
319 161
189 492
34 405
232 131
237 293
388 269
127 148
459 282
100 320
233 431
108 35
447 258
383 334
230 396
73 314
55 486
23 67
258 82
454 194
418 270
300 26
276 450
367 285
452 397
49 479
468 83
90 131
206 245
105 283
483 127
197 84
207 389
94 117
64 246
363 79
415 93
271 306
146 299
458 265
384 79
13 17
474 331
168 136
485 158
338 421
495 429
95 379
295 243
251 21
161 404
309 251
220 245
384 459
334 356
452 322
366 130
346 208
172 415
283 188
12 356
112 472
224 181
251 184
196 106
299 181
441 336
94 307
401 490
353 219
257 174
330 288
389 129
117 155
368 145
354 286
216 451
222 200
314 117
378 287
172 449
310 228
291 372
284 330
4 410
209 488
179 250
220 73
131 293
79 12
225 72
224 293
77 369
46 74
409 320
213 454
277 54
269 273
305 60
423 170
143 112
7 334
237 124
499 451
347 251
64 294
435 257
312 282
216 494
111 367
218 407
399 340
134 158
92 402
452 431
168 227
213 10
125 326
143 31
190 56
10 3
428 344
296 377
83 5
69 246
140 166
434 434
110 202
425 75
33 478
143 348
314 206
41 179
489 23
150 410
224 140
0 254
442 331
64 24
448 303
68 6
198 90
469 415
233 36
333 335
202 118
159 282
75 327
432 32
27 292
22 68
211 245
27 296
43 147
376 366
206 284
391 234
136 196
251 146
418 188
465 475
423 90
108 74
130 479
183 309
336 343
328 430
45 473
78 386
198 477
55 176
499 14
254 311
333 372
346 147
52 464
298 487
120 52
60 363
450 185
306 148
259 151
476 105
390 438
127 40
294 228
179 423
306 239
312 178
172 143
189 442
334 68
144 395
422 63
279 408
137 211
417 484
414 202
111 0
411 216
29 331
397 248
227 91
221 202
360 118
98 29
213 28
157 80
220 405
14 429
244 104
49 117
196 2
61 319
361 441
327 312
181 27
405 33
241 156
423 213
308 392
203 72
326 102
237 381
400
218 123
407 72
289 492
97 205
166 247
141 92
226 67
293 278
331 444
294 4
433 319
38 391
366 294
184 63
105 125
391 72
403 428
207 451
483 204
176 152
285 323
369 212
169 484
471 91
357 308
17 66
179 281
497 19
39 354
381 475
379 211
391 445
55 239
289 313
437 8
131 250
23 199
348 352
43 320
7 11
358 90
42 277
132 394
466 326
30 407
339 84
164 291
335 136
255 97
352 300
236 422
459 281
0 418
200 133
456 131
125 3
335 488
494 417
164 302
204 8
116 379
386 359
65 377
97 362
192 155
146 350
337 70
136 56
252 470
315 239
425 126
78 431
421 217
65 391
484 78
121 3
414 389
276 364
201 381
212 132
33 72
313 55
424 200
321 485
48 180
145 450
210 258
358 304
328 483
316 391
405 495
268 84
337 284
410 425
398 3
375 385
92 482
284 79
173 9
458 411
492 306
10 9
293 222
10 290
52 329
302 371
191 5
339 312
172 465
305 161
20 36
263 188
16 17
49 35
162 393
460 259
158 47
99 53
135 152
341 474
355 125
454 345
154 300
297 408
260 444
98 189
12 382
43 78
27 445
223 189
174 476
470 445
397 479
30 321
341 8
341 28
344 198
294 492
162 405
303 123
42 314
419 85
297 75
291 407
161 439
157 311
379 432
346 360
10 425
252 0
299 206
238 57
120 325
241 362
182 201
206 96
366 167
284 10
145 113
243 54
13 436
484 291
120 305
416 289
261 435
173 364
282 463
57 224
112 175
77 305
184 24
287 84
232 444
211 232
140 420
252 359
254 67
316 436
282 399
237 347
171 37
100 455
14 343
450 209
496 48
165 294
45 70
1 202
334 317
286 85
231 308
499 491
459 390
67 401
430 119
100 336
125 452
33 77
464 171
206 320
8 97
455 292
402 328
65 418
464 152
476 268
97 215
371 370
477 33
395 103
152 73
79 456
486 256
277 408
376 207
480 73
106 342
121 101
352 111
48 112
70 11
247 362
484 329
426 489
460 69
368 239
172 466
294 4
93 165
497 113
31 353
387 355
273 324
399 409
163 199
131 185
20 280
270 171
288 253
311 310
389 113
350 77
300 102
201 252
208 221
272 77
129 180
197 499
406 67
222 295
375 453
268 246
496 212
35 384
386 189
316 318
477 211
398 377
23 33
189 25
304 403
153 8
167 468
176 160
174 336
121 410
169 324
431 125
393 478
93 69
97 410
120 321
139 50
5 481
151 241
12 34
282 116
250 314
61 431
328 265
88 91
227 424
165 486
58 339
189 400
495 76
483 355
90 9
192 301
442 299
183 166
275 114
127 100
257 146
268 309
158 220
199 373
219 184
396 311
462 192
267 458
470 52
488 157
7 340
5 254
255 22
432 416
330 303
443 497
106 229
241 123
33 336
17 33
330 237
15 171
124 431
485 120
393 382
473 16
11 130
15 482
199 477
427 480
254 255
58 314
66 26
143 332
40 151
64 146
155 212
21 211
184 143
354 490
471 470
362 398
240 475
477 463
301 183
136 442
120 386
190 481
376 412
415 362
177 256
172 422
300 365
216 32
467 75
35 83
283 85
455 387
420 496
1 104
90 248
8 3
428 265
137 112
302 29
10 328
491 182
346 432
37 69
299 466
197 184
365 408
174 407
53 306
82 258
315 402
26 429
499 443
409 327
74 222
44 483
84 100
471 402
461 454
308 131
220 358
475 418
412 133
55 282
20 34
80 209
475 265
83 295
57 359
431 323
220 379
123 278
122 170
37 363
223 475
255 23
483 203
221 126
77 100
150 436
430 389
93 317
500
161 50
91 341
44 3
75 235
48 111
442 0
441 126
412 468
317 405
132 457
249 499
440 136
89 414
243 89
258 101
303 275
479 30
34 102
487 12
232 25
230 386
400 410
312 209
61 375
34 398
367 266
261 458
356 222
254 304
171 205
409 114
337 12
89 85
60 228
55 474
237 93
36 361
290 65
92 31
347 186
455 463
457 219
92 80
413 94
499 11
54 205
348 237
22 207
55 255
142 309
265 482
135 424
305 313
149 33
142 489
237 413
304 119
317 238
140 363
294 99
144 294
77 406
178 266
435 251
378 105
113 388
445 224
186 217
33 454
53 214
226 180
40 406
235 395
414 203
72 306
280 223
41 327
261 251
18 73
44 225
163 172
291 16
168 45
188 215
451 372
130 238
266 468
221 171
135 428
35 144
433 86
495 494
335 373
300 278
398 4
375 121
41 87
145 19
14 337
132 308
137 345
414 4
136 285
348 215
129 250
444 22
95 155
56 168
242 346
82 70
91 26
370 153
133 144
135 124
167 165
451 379
492 156
443 419
346 359
137 104
210 154
147 298
87 443
482 290
498 297
73 122
51 397
76 332
341 195
172 24
161 197
101 310
486 462
328 463
476 221
263 21
30 132
111 29
293 109
220 128
421 336
406 455
453 480
171 387
215 476
172 247
147 466
224 59
398 180
352 281
75 421
362 439
117 381
177 486
398 282
197 319
30 423
30 125
274 268
362 394
22 188
52 411
63 80
479 90
45 162
437 7
72 488
455 379
185 65
143 131
43 294
314 304
379 82
354 430
491 142
443 315
32 244
167 263
348 324
375 156
187 468
346 447
314 263
112 474
245 40
154 127
331 463
318 358
79 14
93 145
188 222
481 301
272 488
447 97
487 483
108 224
58 487
461 71
270 43
190 74
158 136
19 464
300 312
416 223
164 243
309 123
69 44
267 197
305 476
263 467
433 260
184 45
448 93
220 227
434 124
362 347
169 380
310 65
86 370
442 326
173 482
353 427
443 166
386 91
43 333
58 144
146 252
157 489
412 336
214 188
140 142
292 243
361 118
136 112
153 389
207 205
479 115
295 325
331 399
498 293
76 467
49 119
10 392
26 418
117 417
270 169
154 238
184 220
489 434
193 428
90 19
229 499
495 307
442 162
93 477
61 377
200 396
4 358
39 104
366 272
144 14
385 298
273 428
276 268
391 479
313 35
174 251
95 83
358 167
356 401
365 267
13 62
407 483
41 67
404 345
299 400
14 430
432 27
68 485
470 187
305 379
54 476
0 458
367 222
243 350
388 60
172 402
461 499
98 432
154 365
355 295
203 377
222 227
43 208
352 366
390 498
7 111
139 342
354 336
368 352
287 250
336 290
163 227
67 206
222 238
98 71
471 383
309 78
458 428
142 415
42 290
257 169
122 354
318 302
307 95
340 315
387 474
471 322
30 14
94 377
270 167
480 407
45 142
144 473
190 26
311 363
463 27
411 345
418 209
46 119
453 326
434 117
491 164
72 249
145 140
192 479
359 437
389 392
446 215
205 276
123 209
256 117
350 84
289 354
115 393
121 221
216 22
364 0
75 156
456 431
353 401
233 275
447 471
245 115
402 415
472 355
444 207
221 186
308 483
366 149
374 463
481 76
249 200
473 77
277 397
74 390
71 393
429 350
304 331
286 20
21 47
151 167
427 407
263 195
47 28
201 170
68 82
318 124
219 287
387 124
329 346
378 73
71 350
41 333
244 409
370 182
125 311
205 60
91 323
473 326
485 424
87 186
17 243
257 108
263 122
233 456
223 198
220 105
109 311
353 228
96 426
328 253
45 368
204 51
114 9
426 495
260 202
277 405
62 39
474 473
143 31
109 236
131 434
209 489
154 217
186 158
20 21
183 186
131 239
422 311
164 376
279 215
261 300
415 88
418 162
494 159
13 359
69 475
387 378
97 401
311 69
257 231
32 168
248 126
154 107
454 214
22 72
16 301
491 145
417 150
52 0
280 375
456 496
397 214
262 439
465 22
408 159
445 24
312 359
87 17
203 29
482 148
139 452
228 141
388 291
414 239
282 315
147 285
199 361
59 409
458 470
245 251
133 364
492 276
306 470
118 7
139 478
77 91
137 71
423 203
467 166
51 451
238 295
85 399
431 91
485 62
378 122
118 418
140 380
213 229
34 282
139 77
146 62
150 300
48 7
414 487
14 154
406 306
160 468
169 475
36 387
389 195
336 92
112 166
308 475
43 75
464 236
113 313
397 122
335 383
700
389 442
403 483
252 16
348 274
416 262
409 343
27 177
375 186
127 381
468 138
486 447
419 387
357 227
371 256
408 315
195 270
343 111
39 169
294 328
302 139
488 347
216 171
445 389
213 324
237 322
495 491
278 11
444 132
217 253
254 42
91 56
291 64
223 429
2 289
226 259
126 245
491 218
124 429
469 160
253 401
477 198
340 321
153 125
490 188
458 70
170 477
372 486
7 487
259 398
346 149
494 374
51 296
66 493
79 479
433 39
297 432
236 87
452 254
116 120
250 246
274 95
445 388
214 22
169 342
234 192
333 179
353 120
308 30
450 363
417 92
357 153
65 116
411 329
292 304
431 421
426 369
87 91
373 308
270 385
235 222
489 104
303 101
137 243
307 206
415 274
315 370
429 117
82 124
390 248
449 402
410 401
430 183
370 288
101 121
65 126
188 347
461 40
461 323
432 135
131 103
261 177
329 307
118 161
424 153
246 300
230 355
411 116
484 158
262 181
59 6
4 186
251 496
241 331
330 146
443 8
286 86
441 81
152 124
216 47
332 43
239 315
25 340
393 322
215 290
457 385
135 223
369 287
298 262
479 125
137 261
381 263
186 62
232 224
403 377
385 398
458 336
18 385
361 85
217 133
388 347
130 266
98 465
339 323
167 68
255 101
287 143
336 369
198 58
63 180
1 293
207 181
135 442
499 6
452 144
279 188
382 226
319 321
62 345
218 32
457 452
41 297
469 410
495 157
133 164
384 239
228 307
321 370
127 164
378 299
477 419
265 357
340 124
160 56
355 259
373 227
39 322
466 209
83 45
160 45
97 223
226 453
323 157
282 435
371 68
469 468
494 393
89 75
233 404
121 98
24 496
243 191
42 419
387 246
269 354
58 261
437 377
340 403
240 142
23 315
271 365
232 27
234 253
266 235
286 473
43 428
105 430
110 405
82 423
331 391
5 168
319 372
119 369
240 361
22 332
352 45
304 329
335 66
228 220
256 206
15 425
494 474
130 430
264 83
301 203
108 419
129 153
62 285
122 233
289 232
450 279
370 359
193 79
266 295
89 430
118 88
26 262
327 317
446 24
97 43
262 66
186 336
24 167
53 136
491 115
356 464
433 187
253 339
458 462
495 115
408 473
190 241
377 483
410 170
171 392
482 131
206 19
186 8
49 342
32 244
310 411
257 189
163 316
394 344
239 368
169 105
80 79
384 387
99 118
172 53
127 225
111 300
185 115
63 259
270 231
266 178
369 107
398 281
493 353
306 297
152 122
381 195
288 411
345 118
426 71
221 82
345 287
33 477
285 303
131 145
478 134
366 40
211 121
142 12
243 103
249 56
200 145
205 205
109 484
460 409
189 163
371 206
216 319
411 303
449 167
210 420
27 180
230 120
46 360
203 481
349 250
499 91
436 94
139 302
498 499
83 298
167 297
376 169
301 178
32 44
90 59
44 67
403 12
121 321
221 210
220 251
334 223
61 330
419 112
213 449
59 392
94 41
133 379
399 269
448 387
362 454
416 258
306 56
493 133
158 170
62 121
157 404
303 298
155 133
232 365
308 77
12 81
46 319
191 257
58 489
111 129
151 332
385 428
481 453
412 142
329 412
247 313
113 143
223 472
166 161
138 236
83 131
486 44
66 168
74 176
176 202
148 110
179 48
243 406
32 397
481 495
112 39
243 256
351 414
96 197
2 475
106 60
75 279
190 24
176 301
450 359
80 64
194 76
219 88
434 450
493 456
9 149
234 260
153 108
339 195
10 315
229 391
307 194
385 282
230 340
392 174
77 308
118 268
343 447
431 325
6 82
276 165
464 22
305 344
223 159
58 235
223 100
245 161
372 405
217 80
142 321
335 455
229 70
288 31
331 427
148 374
248 120
17 331
230 392
236 358
184 77
489 489
125 50
461 235
371 217
372 242
91 339
393 2
53 416
194 280
250 381
74 429
369 75
122 148
169 449
197 480
458 495
304 262
450 89
388 80
123 299
309 217
277 472
186 6
103 248
432 141
361 159
201 153
401 290
490 497
331 389
492 66
7 293
123 195
234 147
359 61
258 81
415 260
262 326
411 448
14 296
363 482
489 354
423 52
188 131
345 288
268 481
0 168
314 21
260 268
286 110
190 470
171 347
333 493
328 324
408 401
341 0
335 96
49 231
239 109
275 141
253 205
425 277
164 239
275 212
430 274
265 489
186 288
336 319
288 151
82 77
11 102
273 376
21 454
392 294
146 434
231 97
247 87
261 282
59 63
110 115
254 173
391 406
488 228
388 383
103 404
298 290
39 105
346 333
474 250
411 350
281 66
143 12
365 64
482 99
409 486
119 222
389 482
416 140
347 294
433 163
33 455
254 339
289 421
297 20
53 80
374 335
208 343
166 274
158 136
8 495
392 262
267 254
174 61
164 297
109 15
2 471
336 466
98 221
486 310
42 432
31 136
262 410
364 20
350 67
465 452
344 60
176 318
163 283
188 147
321 116
430 494
469 63
143 225
388 461
233 171
15 56
458 463
104 107
37 431
369 377
322 376
309 417
172 261
427 302
297 264
225 23
282 361
177 366
336 52
143 163
376 283
154 70
40 190
344 306
475 71
426 135
8 428
130 208
107 376
396 39
491 424
160 137
158 376
4 353
214 327
236 322
72 324
238 408
144 353
233 236
276 438
55 219
305 42
281 176
456 399
30 186
490 449
128 388
250 343
476 156
223 485
494 318
175 156
221 497
205 404
438 155
59 467
152 359
419 56
472 191
319 47
97 338
351 210
223 275
460 8
341 109
405 87
404 231
112 279
310 211
259 140
130 128
73 292
122 39
213 426
19 83
50 464
31 228
490 405
163 193
234 234
389 390
396 405
308 486
334 70
103 418
12 277
147 75
359 160
344 84
341 321
242 444
465 271
50 224
415 125
272 83
479 402
162 230
141 329
345 476
106 353
304 351
464 92
379 406
361 113
328 201
416 328
78 347
140 393
22 187
71 496
51 244
78 272
438 423
113 428
446 160
9 221
297 497
179 434
41 428
296 66
66 13
220 274
305 487
463 334
108 76
295 321
3 228
131 298
449 408
411 107
444 413
239 285
419 402
226 311
463 202
44 297
410 302
15 228
20 27
488 426
112 182
331 17
315 491
21 31
265 160
464 427
18 108
424 172
163 298

